(58, -309)
(287, 43)
(-65, 245)
(-292, -75)
(319, 173)
(392, -385)
(216, -133)
(354, -237)
(75, 289)
(35, -322)
(168, -78)
(367, -276)
(373, -191)
(-183, 187)
(-170, 301)
(244, -52)
(100, 75)
(115, -100)
(173, 112)
(-101, 258)
(274, -27)
(91, -261)
(-59, -255)
(-151, -157)
(-370, 32)
(123, 254)
(279, 309)
(267, 217)
(-228, 369)
(174, -201)
(9, 74)
(-400, -40)
(324, -83)
(-237, 337)
(-115, -393)
(-51, -189)
(-218, -344)
(-99, -12)
(249, -364)
(82, -63)
(188, 257)
(115, -210)
(243, 381)
(-73, -102)
(105, -251)
(220, -365)
(203, -343)
(-297, 350)
(62, -381)
(-151, -188)
(301, 54)
(-312, -109)
(63, 276)
(-359, -92)
(295, 211)
(59, -104)
(-240, 114)
(-235, 364)
(137, 121)
(309, 255)
