Function A: ADD 945
Function B: MULTIPLY 65
Function C: RAISE TO THE POWER OF 3

2667
3545
5281
2751
8988
9007
3570
9962
2806
9175
9622
5862
8686
3140
8303
1690
1005
7506
4871
8059
1688
6565
7174
3186
7168
6479
7275
1116
6234
3074
7488
9353
7246
1088
9181
9970
6546
7576
9646
4812
4954
2064
9630
7224
8375
5035
9798
1386
9614
1785
1001
7938
4793
8536
9585
6161
1086
6993
8499
9158
6311
3110
6020
4700
2851
7175
5679
6757
3569
4299
6340
1822
9722
2208
6879
8560
8114
1228
1368
5909
4005
5903
9334
2440
3399
9502
8846
3112
7363
3088
4277
3405
7163
2653
8026
6073
2449
2225
9876
1095
9014
